12315615684153
66666666666666
77777777777777
88888888888888
99999999999999
00000000000000
0465DCA21C6880
22222222222222
33333333333333
12315615684153
66666666666666
77777777777777
88888888888888
99999999999999
00000000000000
11111111111111
22222222222222
33333333333333
12315615684153
66666666666666
77777777777777
88888888888888
99999999999999
00000000000000
11111111111111
22222222222222
33333333333333
12315615684153
66666666666666
77777777777777
88888888888888
99999999999999
00000000000000
11111111111111
22222222222222
61616161616161
21212121212121
51515151515151
